 0.41794341  1.39710028 -1.78590431 -0.70882773 -0.07472532 -0.77501677
 -0.1497979   1.86172902 -1.4255293  -0.3763567  -0.34227539  0.29490764
 -0.83732373  0.95218767  1.32931659  0.52465245 -0.14809998  0.88953195
  0.12444653  0.99109251  0.03514666  0.26207083  0.14320173  0.90101716
  0.23185863 -0.79725793  0.12001014 -0.65679608  0.26917456  0.333667
  0.27423503  0.76215717 -0.69550058  0.29214712 -0.38489942  0.1228747
 -1.42904497  0.70286283 -0.85850947 -1.14042979 -1.58535997 -0.01530138
 -0.32156083  0.56834936 -0.19961722  1.27286625  1.27292534  1.58102968
 -1.75626715  0.9217743  -0.6753054  -1.43443616  0.47021125  0.03196734
  0.04448574  0.47824879 -2.51335181 -1.15740245 -0.70470413 -1.04978879
 -1.90795589  0.49258765  0.83736166 -1.4288134  -0.18982427 -1.14094943
 -2.12570755 -0.41354791  0.44148975  0.16411113 -0.65505065 -0.30212765
 -0.25704466 -0.12841368  0.26338593  0.1672181  -0.30871951 -1.26754462
 -0.22319022 -0.82993433 -1.11271826 -0.44613095 -0.40001719  0.36343905
  0.94992777 -0.32379447  0.27031704 -0.63381148 -2.71484268  0.65576139
 -1.17004858  0.0598685  -1.64182729 -0.28069634 -0.67946972 -1.80480094
  0.53770564 -0.12171369 -1.04250949  0.13828792