-0.2        -0.19860724 -0.19721448 -0.19582173 -0.19442897 -0.19303621
 -0.19164345 -0.1902507  -0.18885794 -0.18746518 -0.18607242 -0.18467967
 -0.18328691 -0.18189415 -0.18050139 -0.17910864 -0.17771588 -0.17632312
 -0.17493036 -0.1735376  -0.17214485 -0.17075209 -0.16935933 -0.16796657
 -0.16657382 -0.16518106 -0.1637883  -0.16239554 -0.16100279 -0.15961003
 -0.15821727 -0.15682451 -0.15543175 -0.154039   -0.15264624 -0.15125348
 -0.14986072 -0.14846797 -0.14707521 -0.14568245 -0.14428969 -0.14289694
 -0.14150418 -0.14011142 -0.13871866 -0.13732591 -0.13593315 -0.13454039
 -0.13314763 -0.13175487 -0.13036212 -0.12896936 -0.1275766  -0.12618384
 -0.12479109 -0.12339833 -0.12200557 -0.12061281 -0.11922006 -0.1178273
 -0.11643454 -0.11504178 -0.11364903 -0.11225627 -0.11086351 -0.10947075
 -0.10807799 -0.10668524 -0.10529248 -0.10389972 -0.10250696 -0.10111421
 -0.09972145 -0.09832869 -0.09693593 -0.09554318 -0.09415042 -0.09275766
 -0.0913649  -0.08997214 -0.08857939 -0.08718663 -0.08579387 -0.08440111
 -0.08300836 -0.0816156  -0.08022284 -0.07883008 -0.07743733 -0.07604457
 -0.07465181 -0.07325905 -0.0718663  -0.07047354 -0.06908078 -0.06768802
 -0.06629526 -0.06490251 -0.06350975 -0.06211699 -0.06072423 -0.05933148
 -0.05793872 -0.05654596 -0.0551532  -0.05376045 -0.05236769 -0.05097493
 -0.04958217 -0.04818942 -0.04679666 -0.0454039  -0.04401114 -0.04261838
 -0.04122563 -0.03983287 -0.03844011 -0.03704735 -0.0356546  -0.03426184
 -0.03286908 -0.03147632 -0.03008357 -0.02869081 -0.02729805 -0.02590529
 -0.02451253 -0.02311978 -0.02172702 -0.02033426 -0.0189415  -0.01754875
 -0.01615599 -0.01476323 -0.01337047 -0.01197772 -0.01058496 -0.0091922
 -0.00779944 -0.00640669 -0.00501393 -0.00362117 -0.00222841 -0.00083565
  0.0005571   0.00194986  0.00334262  0.00473538  0.00612813  0.00752089
  0.00891365  0.01030641  0.01169916  0.01309192  0.01448468  0.01587744
  0.01727019  0.01866295  0.02005571  0.02144847  0.02284123  0.02423398
  0.02562674  0.0270195   0.02841226  0.02980501  0.03119777  0.03259053
  0.03398329  0.03537604  0.0367688   0.03816156  0.03955432  0.04094708
  0.04233983  0.04373259  0.04512535  0.04651811  0.04791086  0.04930362
  0.05069638  0.05208914  0.05348189  0.05487465  0.05626741  0.05766017
  0.05905292  0.06044568  0.06183844  0.0632312   0.06462396  0.06601671
  0.06740947  0.06880223  0.07019499  0.07158774  0.0729805   0.07437326
  0.07576602  0.07715877  0.07855153  0.07994429  0.08133705  0.08272981
  0.08412256  0.08551532  0.08690808  0.08830084  0.08969359  0.09108635
  0.09247911  0.09387187  0.09526462  0.09665738  0.09805014  0.0994429
  0.10083565  0.10222841  0.10362117  0.10501393  0.10640669  0.10779944
  0.1091922   0.11058496  0.11197772  0.11337047  0.11476323  0.11615599
  0.11754875  0.1189415   0.12033426  0.12172702  0.12311978  0.12451253
  0.12590529  0.12729805  0.12869081  0.13008357  0.13147632  0.13286908
  0.13426184  0.1356546   0.13704735  0.13844011  0.13983287  0.14122563
  0.14261838  0.14401114  0.1454039   0.14679666  0.14818942  0.14958217
  0.15097493  0.15236769  0.15376045  0.1551532   0.15654596  0.15793872
  0.15933148  0.16072423  0.16211699  0.16350975  0.16490251  0.16629526
  0.16768802  0.16908078  0.17047354  0.1718663   0.17325905  0.17465181
  0.17604457  0.17743733  0.17883008  0.18022284  0.1816156   0.18300836
  0.18440111  0.18579387  0.18718663  0.18857939  0.18997214  0.1913649
  0.19275766  0.19415042  0.19554318  0.19693593  0.19832869  0.19972145
  0.20111421  0.20250696  0.20389972  0.20529248  0.20668524  0.20807799
  0.20947075  0.21086351  0.21225627  0.21364903  0.21504178  0.21643454
  0.2178273   0.21922006  0.22061281  0.22200557  0.22339833  0.22479109
  0.22618384  0.2275766   0.22896936  0.23036212  0.23175487  0.23314763
  0.23454039  0.23593315  0.23732591  0.23871866  0.24011142  0.24150418
  0.24289694  0.24428969  0.24568245  0.24707521  0.24846797  0.24986072
  0.25125348  0.25264624  0.254039    0.25543175  0.25682451  0.25821727
  0.25961003  0.26100279  0.26239554  0.2637883   0.26518106  0.26657382
  0.26796657  0.26935933  0.27075209  0.27214485  0.2735376   0.27493036
  0.27632312  0.27771588  0.27910864  0.28050139  0.28189415  0.28328691
  0.28467967  0.28607242  0.28746518  0.28885794  0.2902507   0.29164345
  0.29303621  0.29442897  0.29582173  0.29721448  0.29860724  0.3       